[0.41161945 0.45962973 0.42940057 0.40086045 0.39193605 0.38760532
 0.37381141 0.40861122 0.38781753 0.38432972 0.40999468 0.40254473
 0.42848428 0.43347548 0.41099405 0.36277688 0.38537608 0.4057863
 0.39754782 0.38968441 0.37126286 0.36903746 0.38555894 0.41566598
 0.38178168 0.37511734 0.36043263 0.39088563 0.43227729 0.38633857
 0.38671811 0.38504713 0.39210459 0.40088735 0.37932175 0.42664158
 0.39188111 0.39452065 0.38993287 0.40370709 0.39628722 0.38144493
 0.41653699 0.41082026 0.36240199 0.42593383 0.40726467 0.42198592
 0.41375418 0.40203768 0.3724423  0.3736949  0.42854779 0.39841612
 0.43649311 0.42799155 0.3679803  0.40069137 0.43381681 0.41204325
 0.40217713 0.36882007 0.43571076 0.36746154 0.41492345 0.37952996
 0.42451661 0.36787121 0.39720871 0.41167713 0.42295695 0.39577849
 0.36263318 0.43014588 0.38888229 0.36620279 0.414078   0.38222778
 0.42801223 0.34949228 0.3982087  0.40163285 0.34887604 0.35645337
 0.42250878 0.43394987 0.3889663  0.41947092 0.39914755 0.44019937
 0.37987139 0.40168971 0.39471062 0.41635334 0.45022935 0.38587682
 0.4414255  0.41524918 0.41599812 0.41059095 0.40046166 0.39657094
 0.43212502 0.42845486 0.41929561 0.41917459 0.41247915 0.3933011
 0.34012164 0.38083837 0.43451061 0.43422176 0.3877861  0.39886865
 0.36910556 0.36166143 0.35817071 0.38892508 0.38730015 0.39336393
 0.40437954 0.42358107 0.42206295 0.36513129 0.43015703 0.4361551
 0.40763829 0.4125771  0.39036068 0.40286055 0.42629094 0.41982531
 0.41751966 0.38944215 0.37495031 0.40730092 0.39129012 0.42752702
 0.42169041 0.45200029 0.4166134  0.41239422 0.38600523 0.40589584
 0.45335959 0.36976271 0.37807328 0.38886015 0.42268939 0.38997212
 0.46142061 0.37260577 0.39139733 0.42209383 0.35623155 0.37425923
 0.39312082 0.40789553 0.39701139 0.37512357 0.37376378 0.40407268
 0.46330587 0.40832914 0.40658386 0.4386244  0.44079241 0.39708139
 0.34103442 0.44397479 0.42212128 0.36899636 0.40886926 0.38817015
 0.40184574 0.42984062 0.36457272 0.36844095 0.39893117 0.38873457
 0.39840988 0.33722171 0.42179893 0.43720037 0.4229654  0.41251725
 0.4175058  0.3642102  0.40753566 0.36683392 0.37857138 0.40005957
 0.37991829 0.37559056 0.38228033 0.38642589 0.39057401 0.41279825
 0.43028964 0.36732924 0.375233   0.41010654 0.33517946 0.38262949
 0.40680938 0.42004084 0.42680464 0.37268034 0.38566116 0.36649463
 0.37135354 0.37460068 0.3536247  0.41143805 0.36291165 0.39351895
 0.40671931 0.38883592 0.37941085 0.36120473 0.43345566 0.43949524
 0.36239004 0.40069836 0.40524058 0.42957514 0.3842508  0.42020691
 0.36176816 0.39923388 0.41922429 0.38919252 0.42345399 0.38045901
 0.41946645 0.38981104 0.40000912 0.40976688 0.4133449  0.4452531
 0.3944459  0.41413264 0.39980364 0.45563818 0.40219046 0.42791495
 0.41562169 0.38441948 0.40959313 0.39859391]
