[0.88053781 0.95905697 0.85811888 0.90755685 1.12431983 1.23439798
 0.97286642 0.92892967 1.02933954 1.0757853  1.08885457 1.08769092
 0.99850577 0.82466622 1.04312356 1.09149247 1.03815437 0.92749612
 0.94880481 0.88751675 1.04335677 1.04706606 1.00852285 1.10966221
 0.88319304 0.95157966 0.91236411 0.95874642 0.94574139 0.66564211
 0.95661395 1.12581977 1.06259585 1.06704592 1.0448942  0.96767894
 0.8183738  1.17073244 1.17824421 0.88595078 0.99438972 1.08672378
 1.08448513 1.06416192 1.0152651  1.117798   1.11472029 0.8898957
 1.10768026 0.99488575 1.04595957 1.01005429 0.932652   1.03610009
 0.98723148 1.0165521  0.95712859 1.08002146 0.97481235 1.11260805
 1.04783566 0.91959671 0.98296507 1.04230099 0.95184632 0.97812991
 1.15476826 0.81304888 0.98444046 0.86415581 1.07227284 0.91827946
 1.17566771 1.01472199 0.91197992 0.8986739  1.11101735 0.98496994
 0.95188364 0.99978877 0.89825282 0.81090118 0.95170005 1.0758827
 1.2494699  1.17073086 0.79236727 0.88007426 1.12255538 1.13198019
 0.99003486 1.1188017  0.93734318 0.91466455 1.01023838 0.97462726
 0.92809451 1.07695958 1.02071756 0.8320953 ]
